2249 1965
1324 3019
1601 775
157 1777
1360 2418
3167 1272
552 597
688 2284
1865 2250
1322 674
1360 2328
1607 1496
864 933
1865 1886
2335 2118
3127 2349
2249 1914
1286 1989
3053 1072
2877 2742
3048 2511
2440 340
2249 2707
2899 899
1865 2696
2640 941
2249 1312
2640 1459
552 1700
3048 2312
310 1285
552 1122
1356 134
2335 1361
3048 2096
2335 2602
3167 1317
172 2755
204 2882
552 2440
1601 2485
410 259
688 305
1286 2359
2640 2519
2877 2600
552 2060
552 2851
574 402
1874 2659
1755 2087
1755 179
1286 2871
552 738
3053 735
2877 2764
3048 2116
172 2243
1865 883
946 728
574 1486
3053 2465
1360 678
1755 1247
157 2227
1322 2786
204 2686
946 2805
2877 1025
688 1420
574 1571
790 17
157 549
3048 1243
3053 2561
1193 2364
157 2501
3048 1869
2640 1758
157 2023
1572 2142
2249 1441
1755 2335
2877 1215
1193 957
1865 1306
2877 959
2335 2495
2640 2166
3167 2289
2640 1517
3048 1045
1286 1106
3127 1491
204 795
3127 688
172 2067
204 762
310 1287
1324 1520
1286 1054
1286 2652
1360 2434
2877 339
1865 1461
204 990
2335 2725
1324 3035
1865 2680
2877 518
1324 1023
1587 484
1356 967
2440 2302
1356 3150
3167 1319
1193 2036
172 1363
2877 2222
34 2619
1356 867
204 1180
552 1100
552 2146
1755 404
946 2704
3048 2279
574 478
1865 2784
1322 1745
172 706
1865 255
1286 2143
1874 1818
3127 1576
3167 1128
2249 2099
1865 1068
1587 777
3053 1115
1874 250
204 3055
3127 2178
1587 290
1356 1506
1865 299
204 741
172 855
1587 2698
2335 2923
2249 3070
2249 2622
1324 1790
1572 1696
2249 2787
172 2224
310 389
172 2315
574 845
3127 3147
3053 2044
1874 2950
1360 2690
2335 2381
1356 569
1601 1627
2335 2948
1572 901
574 1689
1286 2658
3167 1637
1324 2045
552 241
1193 362
688 1973
790 1516
310 1960
1755 1107
1874 2500
1286 2160
1874 1307
688 1082
574 71
1356 1774
574 2971
1286 2241
1601 1467
1865 1756
1324 1830
1193 211
2440 796
204 631
172 2613
3048 1382
552 1834
1360 317
2249 2724
3048 1610
3127 782
310 50
3167 146
1324 620
1755 1428
1193 2409
574 1619
172 21
1360 1191
1865 1384
1356 1592
552 2201
552 384
574 1383
1324 87
172 2681
1356 3110
1587 3112
2335 1197
310 1698
157 1709
34 48
2640 1711
1324 191
3053 2739
204 945
1587 1847
1360 369
1865 938
34 1527
1360 159
1865 1079
204 805
410 751
204 2225
574 1586
1193 2910
946 1940
2877 2062
1193 2239
1286 98
3127 3188
1193 1270
3167 2296
310 2900
172 878
1356 3009
1601 934
1874 282
1193 1778
157 1771
1286 374
1755 2884
1286 2450
574 355
2640 1293
1322 2791
688 570
946 427
3053 1607
3053 2377
1572 1734
1874 3103
2877 3018
3127 2557
1286 2766
3053 1007
1874 538
1601 2529
3127 1375
310 745
574 965
157 1730
310 2512
552 2981
552 1761
1587 1095
946 2184
1360 401
1755 2577
310 1104
2249 398
790 1368
1865 593
1572 1865
1874 2329
1865 619
157 205
1607 1343
1601 1993
172 214
1601 716
410 2294
410 2032
1286 689
310 67
310 2112
2460 126
3127 2365
688 3076
790 47
946 2151
1193 589
2249 1184
3048 1807
2877 297
2335 710
1874 1858
157 2849
2440 1231
1324 443
1360 321
3048 3034
1601 573
1865 1826
3048 2449
410 2216
1356 1735
3127 2458
1356 1622
172 488
172 2768
310 750
1607 551
2335 457
688 693
1874 2806
574 1550
157 2175
1865 2581
34 1755
1286 2835
410 1825
157 846
1193 1251
204 2770
3048 2217
1193 801
3167 1593
1324 477
172 1503
1324 1601
3127 1436
1755 2513
1356 2133
3053 1854
1572 1579
1360 915
157 3203
1755 2307
3053 3039
1572 1868
2249 1232
946 75
157 2504
1572 1256
1360 344
1865 3068
1324 1296
34 454
2440 196
410 91
1587 324
3053 3179
688 1485
3048 749
3053 1967
2877 571
3048 2545
1874 366
1587 2655
1193 3166
2877 2926
172 922
1356 132
1587 2494
1572 1263
2249 1438
790 3048
2249 260
2335 1320
2440 3101
2249 2687
1360 463
688 810
1755 1647
3048 1961
946 2861
1755 256
1755 1481
1286 2594
2877 1333
552 2754
157 2769
1601 2240
3053 2788
1324 2956
946 1609
1193 373
1874 1424
1324 2803
1755 2061
172 1595
3048 1264
172 527
1360 285
1286 1488
1865 1763
790 599
1324 2694
1874 562
1360 2683
1286 1292
552 613
1755 831
204 1835
1286 131
3048 646
3053 682
157 2003
2249 1669
3048 766
2335 1738
2335 486
3048 2720
2877 2006
1874 49
2249 1997
1286 664
1360 2430
790 148
1874 872
1587 858
1587 364
1193 2231
172 1218
1865 1751
1601 736
157 2736
688 2107
2249 183
204 2361
2335 314
946 981
1755 1130
310 2563
2249 1150
3053 1081
1874 1773
3127 2973
204 2790
3048 2590
1286 665
157 828
1587 2327
1601 1946
1587 2904
1874 92
1322 3050
2335 2516
1755 604
204 2756
552 1330
310 2422
1865 1644
3053 1492
1572 1861
157 3165
410 385
2249 4
1324 633
410 940
1286 789
1360 2673
1322 1536
1601 1928
1607 119
1572 1137
1587 1493
1607 1365
1324 2800
1193 268
1601 2908
1193 1035
1193 3013
204 6
204 1323
3127 298
1874 2499
2249 2813
2877 2522
1601 1903
3167 2637
410 2597
1874 1135
3167 72
1874 2885
1607 276
1356 2095
1587 292
172 2507
1322 1379
1607 421
552 2668
410 522
574 1848
790 2256
1572 1580
34 2479
1874 2773
3053 2094
1356 1681
3127 696
1601 1442
1755 2568
2249 720
1360 2860
946 1450
2877 1124
2335 2970
574 411
3053 1328
574 1065
1360 2159
3167 1005
2249 1721
1356 3192
3053 2778
157 2292
2440 74
1587 2212
1601 2246
410 889
2640 1167
2335 2818
157 490
157 2855
310 153
1755 329
157 1163
1607 535
3053 2149
688 2474
574 1208
1874 1230
1587 2938
688 2498
1360 2383
1865 1733
172 2964
204 1222
2440 2614
1601 1956
204 55
1286 798
1865 2632
1356 2819
1322 537
3127 1325
1360 1611
310 245
1360 2916
1322 1870
3048 1925
157 1409
3048 2259
1286 1295
946 2639
310 1194
552 2333
1286 42
1874 567
410 632
157 737
310 165
3167 37
574 1713
1607 418
1587 3057
172 2586
3167 1998
3053 2353
3053 3083
1324 2001
2249 2927
3048 2802
3053 2255
3053 743
157 26
1874 2587
1874 1665
1865 434
688 2200
2249 1431
3167 110
3053 673
1755 3108
1587 627
1874 3181
204 234
204 1624
172 2191
1360 2961
1874 860
157 2020
946 475
410 2857
1324 393
1865 1397
204 992
157 2621
1193 1860
2440 983
1356 954
1360 2801
1356 1021
574 266
1755 3042
1324 1120
3053 2631
1360 3113
1193 2656
1360 785
1601 2410
1865 2467
34 2692
2335 2608
3167 653
1865 3204
946 90
574 804
1865 1980
157 2341
946 1823
310 354
1324 334
1324 1126
946 2488
3167 2267
552 336
2249 671
1356 2412
410 1456
1865 1410
172 1715
3048 719
2440 407
1360 2345
1324 3064
410 2946
1286 177
2335 715
1587 3142
1874 874
157 1680
1356 1676
1607 467
2249 1321
790 1202
3167 839
790 2193
204 2401
946 1754
1286 1171
3127 624
3127 1922
2249 3061
310 733
1360 1186
1587 2771
1356 1310
688 210
3127 2997
1360 2757
1587 1916
946 3091
3053 927
157 1257
410 2445
172 679
310 2765
3048 542
1601 2703
34 1112
310 2171
1601 870
172 2994
3048 375
3167 1260
1587 1009
1607 2197
1286 1856
1286 962
2440 701
204 3145
1865 342
3127 2404
1601 149
1874 936
1874 1524
410 1617
1360 2163
1322 1266
574 1899
34 1181
1356 1912
204 2090
1286 3000
1865 2034
1286 1225
1286 2653
2640 425
172 1894
410 1334
688 2350
1865 2627
1587 2753
1324 465
3127 97
1360 754
1356 3088
1601 1203
1324 2870
1755 563
310 1843
1874 2119
1360 908
1865 432
1324 1015
172 802
1587 2226
3048 3155
552 1535
204 1694
204 1367
3167 1341
1874 637
1360 1554
2249 525
2640 1316
688 1454
2640 2136
2249 1209
204 2321
1601 2438
157 1278
1755 3085
1324 2482
1324 753
3048 141
552 788
157 926
1286 2967
1587 700
157 68
1360 1275
2877 1983
1865 1634
1360 1692
574 1853
410 2070
3167 1395
1286 103
1874 1350
1572 1728
1755 2188
1324 755
34 825
1587 1303
2877 102
1601 523
1755 2262
3167 550
3167 2419
2335 790
3167 2579
2249 359
310 2978
1755 327
410 1591
1193 1833
688 2779
1193 1831
3127 758
2335 448
1324 2492
574 2180
410 1240
157 289
2249 2837
1587 154
1356 2651
1324 382
3127 1785
1360 2606
3053 2559
1286 2556
1324 1433
3053 3184
1360 2854
688 2509
2877 387
1587 2984
1286 2718
157 666
172 1162
204 861
946 848
3053 1957
1865 2759
1601 1642
574 892
1755 471
157 52
552 85
3048 3031
3053 675
1587 1157
1755 2935
1755 2715
790 1358
1572 1798
1360 2346
3167 1290
1322 3126
1874 1910
1865 1061
157 783
1324 2894
310 2708
3167 1324
574 127
1360 3164
1607 2731
1874 3105
1755 2905
172 2253
1193 343
3167 1142
1601 2988
574 579
1755 1530
1193 188
2249 3140
688 64
1572 854
552 2322
1360 2863
310 1662
1874 388
3048 2260
1193 1944
2335 2601
574 979
3167 1985
2877 1483
2440 326
1356 392
310 3138
946 1748
3048 1581
1755 884
157 1125
3127 438
946 2853
1865 2068
1587 546
2877 468
157 70
3127 1660
552 3097
172 2196
3127 371
3127 1
1193 683
2440 1168
3127 2411
3127 2238
552 2306
2335 2638
1356 2620
1874 1828
574 2728
790 2636
172 171
1324 1148
1324 1000
1324 1635
790 1229
1607 1881
1601 1038
1193 415
1865 1562
1587 1136
310 1718
1607 174
3167 2316
1601 2380
2640 186
2877 316
1356 295
790 1012
1587 310
1286 2977
310 2185
1360 1378
2249 1062
2335 3120
1322 2028
3048 3151
204 1787
946 554
688 2453
2877 1716
1360 2616
3167 1652
410 2320
1601 408
2877 1087
3167 1921
1193 365
2335 2671
1322 1565
1322 1175
1755 330
3127 680
410 577
3053 201
1607 2812
1587 2887
1360 1614
3048 2261
552 1497
2661 187
1322 2646
1601 2921
2877 94
1587 3185
204 1268
1865 2472
2335 1132
3053 1710
574 1465
1322 2891
310 1846
2249 1851
574 2695
1360 3098
3127 1076
3048 739
3053 2762
1324 1311
2335 1145
1286 367
946 1636
3127 1650
410 380
1572 2985
1356 1552
1865 1528
1607 2091
3053 1661
1865 1385
1193 1874
2640 2433
310 3056
1601 13
410 2304
2877 3014
1865 2670
2440 2395
3053 3036
574 1404
1865 7
790 1605
574 1105
1324 2237
1874 1498
2877 1631
946 275
1587 1429
1193 2254
946 921
1755 818
1755 2939
172 2781
790 2325
1572 78
1360 3175
1607 709
1601 1138
574 774
2335 44
310 32
3053 2362
1324 634
1322 3004
946 394
2335 2162
1193 1457
1322 1003
946 2699
1286 1449
410 1958
2440 2468
3048 2071
3167 229
1587 930
1601 969
1865 3201
410 988
1356 143
3167 28
204 2442
204 2868
204 30
3053 1618
3127 2960
688 2069
1874 2642
172 351
1755 837
2440 262
574 687
1587 3060
552 966
1601 1857
3127 903
1286 476
688 1374
310 172
1360 2789
1874 1603
1755 2230
2249 891
1356 1935
552 655
34 3040
3048 2929
3167 440
204 2761
2877 2115
2335 163
688 2372
2877 2373
1356 456
2640 2679
34 1262
1874 1697
1324 2571
1360 894
1286 2077
1865 651
3048 3149
157 2896
2640 3053
2249 462
1286 185
34 3202
1601 2154
2640 2290
204 2648
1286 2258
1193 1282
1607 2270
204 971
2440 35
688 639
574 2228
3053 2293
1874 1238
2640 1298
3167 1829
34 935
1356 281
1601 2358
2335 2888
157 1074
1324 1585
1356 1484
3048 2780
1193 2046
1865 2303
1874 2841
3048 2525
1601 1029
2249 2723
410 1207
310 2996
1874 2872
1193 2031
3167 2493
410 307
3167 2542
172 2080
1360 155
410 1923
1874 1185
2335 1996
204 2257
310 1056
1601 838
2335 107
552 3122
204 1239
1601 2804
310 2748
3127 1952
3167 158
688 1412
3167 2844
1572 515
410 1545
1865 203
946 500
1286 2995
688 3100
1865 1615
3167 1118
552 3190
3127 1561
3048 3049
1587 660
2335 1629
790 1221
2249 2199
1607 1906
1286 3187
157 2283
1356 194
552 1210
3053 2164
1322 800
946 2202
3048 1981
2335 625
946 1937
574 1930
310 963
2335 914
2249 1657
3167 1897
574 33
1360 1538
3167 2592
1356 3152
2754 2573
2877 1286
1587 2389
3167 2702
1587 545
1324 1140
1193 1346
410 2059
552 257
204 557
172 677
790 3074
2640 189
2877 2248
1193 2331
3053 1977
172 1949
946 583
1356 516
1360 2774
574 335
172 2153
2249 1620
1356 3047
3167 2157
2249 2752
410 271
1601 2387
1360 623
2440 2897
1360 1863
1607 540
2249 2084
1360 1195
2249 803
172 911
1360 1556
946 1326
574 2079
1286 568
1601 896
574 2503
1601 2776
574 659
1322 578
2335 3037
1286 2245
157 999
1874 118
2877 1086
2335 2578
3053 961
1193 3180
3127 347
204 3134
1601 128
1193 3003
552 168
3048 2881
1322 2508
1755 1772
1865 238
3053 2555
157 1192
2877 417
310 640
2877 1083
1360 390
310 2992
2249 1994
3127 1948
1874 3016
157 1908
1601 1308
310 1373
1360 2491
310 3162
3053 1030
1874 1749
1601 2169
1755 865
2440 548
574 3024
3167 1351
1587 1391
574 2585
204 2249
2335 1714
172 1628
3127 2311
410 2909
1286 1407
204 1336
552 843
2640 1353
310 1437
2440 2476
2249 1196
1286 1704
1356 1658
310 2548
172 1838
3053 3090
1587 607
204 1233
310 2952
1572 524
946 3063
1286 272
574 541
1324 1099
157 1693
1865 1588
1601 863
3048 916
1360 2588
310 2596
1324 2975
1322 2506
1755 1641
1601 2678
1193 1926
2249 1392
552 2233
552 2437
1360 1954
157 2528
1601 626
1607 886
1874 473
790 610
1286 1804
3127 1841
1865 1802
688 395
3053 630
3127 2130
157 1934
3053 684
552 2374
1874 670
1865 2706
3127 721
2640 2152
1356 99
1324 1036
1865 1058
946 1883
3167 296
1874 510
1601 918
1286 912
1360 2873
1286 3044
552 2427
3048 598
1324 1513
946 2749
3048 672
3127 3001
2335 2827
204 1401
3048 1666
1324 1213
1587 588
3048 547
688 2063
204 1301
157 1269
172 761
1324 3154
2440 1085
1356 3030
157 740
1607 505
1360 2187
688 1259
2335 2649
2640 1898
3127 156
3127 31
2877 1796
1587 1633
1356 2295
946 1094
574 269
3053 543
688 2360
552 929
1607 1551
1324 519
1356 2979
1587 422
157 806
1286 2906
1874 1299
34 1131
1360 217
1356 1182
2335 1146
1874 1740
3167 849
3053 1871
3167 2505
1601 793
2877 93
790 1966
410 1707
410 832
1874 3086
3167 3052
34 1873
172 582
790 2355
552 39
204 145
1356 586
172 1810
3127 309
552 2106
790 1156
1755 2709
946 1071
310 1235
688 2808
2877 1782
157 1114
3053 2820
2249 2274
1874 614
1324 420
574 244
552 585
157 2148
204 2392
172 2879
3167 1964
1286 3033
1587 1220
1865 273
2249 1309
2440 1726
552 499
172 1844
1572 1769
1286 2150
204 2026
1356 3094
157 1975
1601 2122
2877 528
3048 137
310 717
552 778
946 2480
946 2310
552 2526
1607 1890
688 1164
574 1217
172 890
410 441
3167 772
2335 2536
1587 1283
1865 51
1193 652
2877 2441
310 1737
2640 2173
1874 176
410 605
2335 768
3048 2719
310 1720
1874 1526
1865 702
2440 1742
946 2399
2440 291
2877 2470
172 1859
3053 2186
1286 2914
1324 379
1874 2382
3048 424
1587 3054
1874 970
552 2354
157 139
310 287
790 530
2877 1189
34 1216
1356 1597
204 2408
1572 1670
2249 1020
3048 2391
1360 877
2877 533
2877 2439
310 3157
1601 2317
1601 978
1193 2406
1360 1041
574 2324
310 1460
204 151
1286 1380
2440 2288
3048 3189
3048 2277
2877 1176
2640 3102
1356 1695
1193 288
157 3075
1286 1877
2335 611
410 1490
172 968
157 318
1193 1508
1324 383
1874 3136
310 2710
3127 1850
2877 200
310 1466
157 794
1286 882
3167 363
2335 1739
1587 436
946 2502
2440 1432
1874 2732
574 2017
2249 80
1324 773
3053 2055
2249 1563
3127 997
1874 2957
172 328
2249 2
3053 2041
2249 2347
1324 481
1601 95
2335 726
3127 122
552 2546
574 2138
1324 943
552 1337
946 1340
2249 469
1601 2281
3053 2454
1572 902
1607 312
1874 1445
2877 1913
1601 121
310 1806
1874 2912
946 1534
1356 400
172 2048
310 2214
204 226
410 662
2249 178
3127 1648
3053 3130
410 1439
2877 2473
2335 409
1360 1570
1360 2168
410 1805
1360 230
1193 3058
1601 871
1360 2924
574 1875
2335 879
2877 1880
1360 2403
688 960
1587 821
1322 2643
172 2035
574 1234
1322 3043
2335 3123
410 1418
1356 2865
1286 2298
1286 96
1601 1626
1601 636
2877 621
3048 386
574 2895
552 2120
157 3087
1601 2869
157 2338
157 2954
946 345
2249 251
172 1684
2877 2574
3053 2609
3127 494
310 2047
574 1152
574 2584
1356 89
574 1109
1865 1421
1360 1389
1360 2541
2335 791
552 618
1865 725
790 2829
1286 1915
310 958
1193 1413
1193 1129
552 3015
2877 996
1572 1976
1324 3156
3167 1053
2440 2425
3048 368
1360 130
3048 827
552 953
3053 504
1865 2015
2877 2190
688 2156
3053 1852
2877 1625
34 2889
2440 647
1755 2131
34 2922
2877 1190
204 27
2335 1598
410 2898
1572 724
3053 3183
1874 86
2877 2097
1755 812
1356 1161
172 1473
1324 2959
1572 2672
1324 2177
1356 38
3127 106
1193 1024
34 1606
1572 239
172 2040
1322 560
204 1102
1572 1487
1601 2319
688 834
410 1672
688 1426
1865 215
1286 1093
3048 2007
2440 356
34 697
3048 429
946 19
3048 1422
3048 2644
1874 1092
3167 1924
3127 1722
157 2565
1360 904
157 1031
1865 1028
2877 2901
3127 1357
946 2234
574 58
2249 431
2335 534
552 2334
1193 1063
2249 1639
1755 138
2877 1541
2440 1032
1356 2520
946 3121
1755 1558
1324 1091
1865 1448
1356 444
1193 2081
204 1153
157 1335
1874 270
2249 458
1865 370
574 946
1587 2554
157 1963
1607 2944
157 3117
310 1864
3127 278
2640 1313
3048 3182
3127 198
574 2000
1360 413
552 642
1587 447
2877 2691
1193 1398
3167 2514
1865 995
1324 2635
1286 2972
3053 897
1587 267
3167 360
688 2850
1865 2991
1322 2634
946 1237
1755 669
1874 1560
410 2009
34 1867
1874 561
1874 1725
1193 2567
1322 2195
410 348
688 1917
790 1979
574 1327
3127 2128
1601 2266
1587 1214
1874 1988
1601 1111
310 109
2335 703
946 1638
3127 2604
1324 1969
2335 1945
310 2004
2335 1546
1874 1872
3167 1687
1193 885
574 690
204 1537
2440 1544
1193 1645
1360 1766
3167 2654
1865 850
2877 2615
1874 243
1755 1482
3167 2252
3053 2134
2249 2515
688 512
204 1179
310 224
410 1789
688 2951
2877 731
1286 1305
3167 123
688 2796
946 2685
688 2697
3167 2543
688 3196
3167 2455
552 136
1587 928
172 2206
3127 917
310 2551
1601 1895
172 2593
410 1893
1601 1291
2335 2783
3053 274
3048 2496
204 63
2877 2919
3127 713
34 1200
1356 498
172 2722
3053 1097
946 3195
2249 2552
946 2078
1360 1371
310 1255
34 1494
574 3007
1322 2428
1865 2534
1601 1608
1322 1587
1865 487
946 859
2440 1172
574 1166
2640 1261
204 2016
3048 1679
574 222
157 797
1324 3
1356 3089
2877 756
1874 2379
1193 169
2877 197
688 1702
410 2385
1601 1198
3127 704
3127 876
1356 147
2877 73
2249 3107
1324 824
1587 2085
1286 2299
3127 1034
1874 521
3053 1411
946 2684
410 1613
172 531
2249 1987
3048 1522
1193 1414
688 2640
34 3022
1587 237
2440 396
552 667
574 2676
2249 1133
410 53
310 2867
3167 25
1324 759
1193 1744
1356 2947
3048 1822
34 1302
3053 1006
552 300
1601 1764
34 972
1356 2811
1356 2553
1193 836
2877 1569
574 1866
2877 714
1755 496
2440 2664
552 2745
310 2591
1356 1982
552 2075
172 1447
1322 2518
157 1273
1356 1809
172 2669
1360 1892
946 580
1587 323
2249 3114
157 1288
3053 261
172 695
172 2918
1356 1369
3127 3109
1324 2886
2335 1655
204 453
3167 1004
1356 426
2249 1543
1356 1991
688 294
1324 1059
1755 479
2877 1048
172 1010
1587 2617
1607 2828
552 3051
946 1794
2440 2420
1607 1909
310 112
3167 2974
1356 313
1324 3198
3127 3115
946 1907
3167 3079
574 202
946 2189
1755 1149
2877 2589
1360 104
2440 574
1601 1103
946 907
1865 596
1324 2903
552 2915
1356 2459
574 829
1193 1703
3167 497
1286 3010
3053 1992
552 1169
790 1458
2335 1117
204 1476
790 253
1193 1889
172 592
1286 1284
410 1678
172 2174
1601 1736
2640 1943
3048 937
2877 948
2249 2877
2335 2339
2249 1354
2249 3163
3053 727
1193 2348
1607 445
1572 1932
3167 1470
1193 2856
1356 1144
1356 765
204 1507
3167 1584
790 1882
3048 1258
552 814
1324 372
3048 2729
1322 576
946 2663
946 2215
1601 24
2640 2688
2363 2336
1356 2104
2440 1646
2877 1226
3053 1719
3048 319
574 2033
3053 1049
946 60
1324 16
2249 1583
1572 2682
574 2117
1865 1201
552 76
3048 1532
2877 2269
1286 2487
172 3020
1360 2875
1360 792
157 10
410 1228
1607 2839
2877 2823
3048 2278
1587 2982
1193 2833
3127 41
1601 2021
1572 1170
574 283
3167 2562
1587 1832
34 799
204 2207
790 3125
1865 1187
204 844
552 433
1587 526
688 3092
1755 2544
1324 2367
204 3194
1587 2263
3048 2043
1874 1999
2335 1276
1865 2013
2335 1211
1286 869
1322 913
790 1318
1360 2463
1601 1559
1360 2194
552 492
1193 1849
1356 980
1360 2629
2335 645
3167 1057
1193 2461
688 2746
1322 2693
1755 1452
1286 1254
410 435
2335 1352
2877 1455
1865 1248
1572 9
688 1929
1193 887
3127 786
1587 2517
1587 2942
1360 1674
688 2129
946 2124
1601 2666
2877 1801
3053 657
2249 1043
688 1110
574 1623
1193 654
688 350
946 1154
1324 868
790 712
1755 2521
1286 956
3167 2598
1755 698
1322 840
34 939
2440 2126
946 2083
1587 430
1356 1671
1755 3173
310 2466
574 2689
3053 3017
1193 1116
1356 780
946 893
3127 1359
1601 1663
3048 293
1193 2527
1587 3008
2877 612
3053 1183
574 2733
688 2050
1286 1227
1865 1891
3167 952
1360 2940
172 1594
410 1688
3167 1845
3127 807
2640 264
1755 1505
946 452
552 2384
2877 1151
3053 1090
3167 235
946 1699
157 909
2640 180
688 508
1360 460
552 2141
2877 301
3127 2955
1356 2415
688 223
3167 470
3053 2630
688 2343
1286 552
1193 1088
410 466
1865 1904
34 302
946 3078
1322 2039
1874 406
2249 11
1322 1173
2640 2661
204 817
1356 3167
3167 108
3167 2275
2440 1364
172 1682
310 2363
410 1381
3167 2064
946 2011
1587 2744
3127 1842
1286 8
1324 2386
1322 212
1360 2738
2877 2583
1324 2794
1874 718
552 2763
1322 747
1874 2132
310 2537
2640 2822
172 1271
204 808
1587 2524
946 115
1601 204
790 1578
1607 3067
688 2330
2249 2623
2335 919
3053 2265
1874 1747
410 1478
410 1464
204 2056
574 2999
3127 2121
1607 764
1865 2313
552 1096
3048 650
1324 3006
688 987
310 1008
410 2569
1572 474
2640 1399
2335 1819
410 984
1324 2280
552 2751
3048 2176
1587 117
1193 2576
34 1675
3127 815
1322 2221
1360 1602
310 506
410 2378
1865 358
1755 1064
1587 864
1286 3111
1607 2421
3048 1950
410 236
1322 61
1874 263
3167 1548
2335 218
2335 3174
1356 2179
1286 162
1865 34
552 819
688 2236
3053 175
1587 955
204 113
574 587
157 1812
1572 2110
552 3021
1865 1108
2249 100
2335 2158
3053 54
410 2086
1356 900
946 1502
2877 2845
1360 947
1587 1729
34 2645
688 2807
1360 1396
3127 676
1874 2135
1572 2481
3048 2747
3053 584
204 1434
157 1294
1193 2716
1286 164
157 1942
574 252
1587 2042
1755 3131
1607 1905
410 1066
552 1016
3048 1649
410 2793
552 2457
2249 1673
688 2734
1755 767
946 964
1865 2375
1587 2396
1587 199
1286 437
1356 2817
574 910
310 346
946 240
172 3137
946 2477
34 2607
574 2936
3048 1701
1356 507
1587 2402
1356 1155
1324 591
688 1423
2249 2114
1360 1724
688 265
204 2414
1607 2297
574 1402
688 1654
688 2743
157 144
1286 1241
1286 1743
790 2223
310 2309
1356 489
1356 1344
2249 1055
2335 2010
1865 29
688 23
1286 2618
946 514
410 1750
1356 1800
157 2272
1193 1499
310 2665
2335 1479
3053 3118
1874 2657
2249 2572
1865 414
1607 284
1356 2830
1572 3119
157 2605
3048 3132
3167 1477
157 2462
1286 1510
1865 304
574 1206
2335 1683
1601 1590
2249 1746
790 2928
1356 1060
2335 1795
3167 2880
1755 1972
3127 403
1286 1887
3167 1523
310 1840
310 991
1607 410
1587 2161
574 3005
1572 2478
2877 2436
3167 994
1874 2486
688 3141
410 1518
1755 924
1324 1219
574 1400
310 1837
1607 575
574 842
1587 333
2249 40
34 2219
688 517
1587 1549
1324 2949
2640 3072
1324 1567
410 982
310 1345
34 581
204 14
1360 1443
1356 2170
34 1265
2877 985
3127 906
2440 3144
1601 2483
2440 2251
574 3028
1601 2271
1356 2092
34 1205
410 757
1874 539
1324 931
688 2323
410 553
3127 2834
2249 920
1865 166
204 1127
34 2969
574 2444
1601 15
2335 1245
1587 820
34 459
3053 1332
3167 742
2877 1741
1286 2058
1572 2464
574 2741
1193 3168
2249 1600
1865 135
1322 2531
1360 2074
3167 2821
1874 182
688 2393
1360 1372
1289 2913
172 1555
1193 2037
204 2558
1360 2229
1572 1933
1360 233
3048 1612
1193 694
2249 450
1755 976
172 2993
1587 416
946 1027
1193 1052
574 2357
2249 2814
1587 888
2335 2767
1193 82
1874 461
3167 1885
1601 480
1324 2490
2440 1776
2335 2595
1874 841
2877 2874
1360 173
1755 1659
1601 1542
2335 1656
34 2976
2440 1727
1193 2721
410 2727
3127 811
3048 1141
2335 472
574 1249
1360 1084
1572 216
1360 1050
3048 2029
1324 1047
1601 1691
1601 975
3053 2205
3167 873
1587 1469
552 1668
2335 686
2877 3012
1587 3169
157 1962
172 1489
1607 2446
1865 81
1607 2326
1324 1938
204 2351
3167 225
1360 2662
172 442
552 1911
2249 1821
574 1817
552 993
1755 2523
410 1098
1360 2426
3167 167
310 2626
204 942
688 2792
34 213
1286 209
3127 1463
3053 2530
2640 1073
1755 822
946 974
1601 730
946 2285
574 2899
1874 2599
2640 2456
2440 377
2249 361
1587 629
1865 2264
1356 977
1324 998
3127 1143
790 2945
946 1159
157 1760
2877 1814
552 511
34 1475
1587 2983
172 2002
172 771
34 2667
310 2650
1322 79
1874 1813
204 405
2249 559
1193 1568
688 2093
1874 595
1286 1986
790 84
157 1816
552 2139
1360 2740
1874 2025
1755 862
2877 925
1755 1951
172 2005
1874 88
790 338
410 2423
1587 616
1607 1815
1587 2342
574 3172
1572 101
410 150
3053 556
3048 1540
1601 2054
157 763
1286 1370
1360 2027
1601 2242
1193 509
552 1604
2335 2711
3048 1690
1607 2931
1286 3027
157 1002
1356 566
2877 2883
574 3160
552 1533
2877 428
1874 1511
946 43
157 2052
410 1051
1755 2625
172 1026
1874 1731
2249 1039
790 3129
2249 1274
172 1246
3048 249
2249 1001
574 1723
410 2933
1324 2273
1286 2209
2249 2182
2249 1018
410 813
1755 2816
2877 1632
1286 617
688 1468
3167 1014
204 2102
2440 635
1324 1075
2440 1855
410 2785
310 3093
1286 1390
1572 161
2249 2539
410 1572
172 3128
2335 1788
1587 376
1360 2963
1601 779
172 1046
1865 1289
1286 495
1193 1376
1324 1281
2640 2484
34 3026
1874 1762
2249 1453
1356 809
204 2610
1286 1250
310 835
688 1640
2877 1827
1572 2282
1601 1425
552 2986
1865 3038
552 2356
2249 3099
1587 170
172 2155
2440 2538
1360 2941
688 3066
204 746
1356 1123
946 572
3048 3146
1193 1919
1286 306
1587 1462
790 1101
2877 2210
310 2098
1286 2014
410 12
688 397
410 2932
3048 776
1324 1013
946 378
1601 1995
2335 856
1324 2535
1360 2448
1193 232
552 1531
574 1480
3053 648
2249 2123
1324 752
2335 898
2335 2022
2249 622
3053 1717
3167 2917
204 691
2877 1974
946 1573
172 207
1286 124
2640 2809
1356 2907
1607 1017
3048 1037
1755 227
574 681
3053 2705
1286 1781
1601 2088
204 1529
1874 2641
1572 1160
3048 1706
1572 2798
1755 2920
1865 2369
3167 3084
1324 337
1286 949
410 2846
1286 2580
1286 1557
3053 3199
3048 3200
310 853
3127 2049
1193 2370
552 2989
790 734
3053 2337
688 1879
1324 331
688 723
157 36
552 951
204 3041
1360 3095
1356 638
34 1786
1874 3124
946 601
1360 1070
2440 1808
1865 446
157 190
2640 1471
1587 770
310 142
2249 602
204 195
2640 2318
1360 2633
2440 3077
2249 1918
2640 1984
574 944
1865 2611
1572 3143
3167 2717
2877 2089
2440 423
1755 1791
2877 1927
157 1525
552 1793
172 1408
34 732
3127 2902
1601 105
157 1878
574 1596
204 3025
1324 1067
1874 1780
1865 722
1874 1393
1607 833
688 57
1193 1430
688 1386
574 787
1755 2073
157 2140
157 2076
946 1022
34 2417
3048 1174
3048 1564
574 663
172 1839
1601 2848
688 231
34 247
1193 1783
410 1901
1587 1519
172 349
1865 2371
1286 1936
946 1322
1755 2101
1356 1971
1601 781
2249 1338
1607 221
2877 668
1865 608
204 2824
552 2053
1286 2660
3048 157
1587 502
552 2147
1193 2624
946 3080
2335 2925
552 412
574 830
688 1252
172 2314
204 1824
688 464
1587 3082
172 2965
1360 2497
1755 286
688 2675
204 2987
1322 193
1874 3205
2249 2930
204 2291
2249 1577
2335 2603
1587 419
946 1616
2335 2244
2249 2352
157 989
1572 111
3127 1348
2440 1435
1322 1388
310 2113
1607 1377
552 2570
2877 254
552 1119
1755 823
3053 656
1360 2953
1356 2394
1286 2836
1865 1177
1755 2843
2640 501
1601 2777
410 483
1286 3186
1360 1686
1874 46
1193 1349
1874 1888
410 493
3167 1406
1607 1315
1324 2308
1356 1862
1587 1419
1360 2533
574 744
2640 1811
172 160
1865 1803
1193 2447
946 544
204 895
1286 3096
790 45
310 1280
3167 1512
1356 2413
1286 520
688 973
2877 485
688 2127
574 905
2640 69
1601 1078
204 1069
3127 2471
3048 181
1587 320
2640 2575
1324 1011
1360 2810
1360 1304
2335 114
1755 851
157 1277
2249 2435
2249 3071
3053 1582
3167 1366
3053 3170
1322 1941
1874 3139
3133 1500
1601 66
1587 2864
204 2797
2249 2840
552 2758
946 1876
1587 2550
1755 3178
3048 18
1324 1514
2877 2424
574 1685
1755 2966
310 2775
1865 2192
1193 1417
310 1836
1322 2397
204 2268
310 1121
574 2368
2877 615
1607 2213
3167 3153
1356 399
946 120
946 1212
1360 2452
552 2204
946 1978
1587 590
3167 2628
790 1708
688 3029
1587 1019
1572 932
946 1451
1865 847
946 1244
3053 1677
2249 2144
1324 2100
1587 1515
1360 482
1360 1474
1286 2232
2877 2340
3048 1495
1874 1040
1193 2218
3127 2832
157 1599
1324 1405
34 1204
204 2943
1755 729
1865 2286
1324 3159
310 1077
1587 279
2877 1158
157 1589
552 2795
204 558
1360 606
1356 2030
1587 3148
2877 1575
1865 491
1865 2911
2877 2300
2640 439
172 2111
552 1651
204 2400
1193 2510
1286 1236
1322 2726
1286 784
3053 1134
1874 1356
410 3069
2640 1403
1356 2203
574 1501
688 2799
1587 2429
790 2276
688 2735
3167 2366
2335 1472
410 1896
157 2893
1755 1297
3048 1300
552 2181
1607 1139
574 1770
1874 1242
2335 341
204 565
2640 3011
2877 875
1865 3045
1601 2405
1324 2647
3048 22
3127 1394
3053 1539
1356 2847
1193 1267
1324 1775
2249 1223
3053 5
688 2208
1193 2892
3167 1753
1601 3176
1874 2878
946 1355
3127 311
1607 140
1324 2713
688 3023
1755 880
157 1792
1572 208
1755 2018
2249 1705
2877 503
1865 3106
157 950
1587 628
3167 3046
3127 248
3053 1314
3167 1329
1874 852
3127 184
1360 2674
1286 258
3048 2183
1601 455
688 1339
688 322
157 2566
946 1444
1587 2980
1587 2432
552 1953
946 923
3048 3116
34 246
1587 1920
172 1042
1286 1199
1286 2826
552 2750
946 2838
688 2125
3048 1224
2249 1188
2440 866
1865 2489
552 649
1572 1080
574 748
34 2700
1572 1959
2335 2398
1324 564
3167 242
3127 1387
1874 536
1755 1415
3048 1970
3053 1968
157 609
1286 2460
3053 1664
2640 760
1607 2866
1755 77
790 3059
3053 2105
2877 1653
1356 83
3127 1547
3127 2057
3127 2677
310 2235
1193 2198
3167 600
1607 643
1193 2990
2335 3135
1572 699
3048 2211
3053 826
2640 1939
790 661
1587 1768
1360 1990
552 65
3127 2547
1601 2582
204 352
1874 20
946 532
1360 277
1286 2376
3127 2012
552 2137
1286 1427
204 2825
574 2998
552 692
3167 2737
1193 1955
310 1446
1360 133
1865 2108
2335 315
1755 658
2249 129
3167 1521
688 2305
1193 2451
1865 1630
410 644
1286 2852
157 2862
552 2815
3053 1113
2335 206
1865 2842
1286 2024
1356 2109
1874 2968
1587 2388
552 2332
1755 56
1356 1712
2335 2172
1601 2730
3053 62
3053 1147
3127 2701
574 3158
157 1667
790 1900
1193 816
1356 2407
3127 1884
3053 3193
1193 2540
204 2390
1286 1279
204 513
2335 2760
34 2612
1360 2962
1286 2831
2249 1362
172 3171
1755 2247
3053 1033
3053 3133
2249 1797
1322 1566
1587 2958
3048 2145
1360 857
1874 3002
946 2876
1587 1089
1324 1902
1193 986
3167 529
310 2038
688 2859
1865 1165
1874 2167
1865 881
552 2712
552 3177
1874 2532
574 391
1356 2443
1324 2220
574 2008
1572 769
3167 2431
946 3065
410 325
1286 1752
946 2072
790 2416
157 685
1356 220
172 308
790 2564
1865 1509
204 641
1865 711
790 2469
172 1416
3053 708
1587 2082
2877 1947
2249 116
1601 451
204 2287
2877 1767
172 2344
2335 3197
1286 59
1356 1757
1755 3073
1572 280
3127 357
157 1360
3127 2714
3127 381
3048 1253
410 2772
204 2549
157 1347
1755 1178
157 1931
3053 705
1755 1044
1356 1779
1874 219
1874 2065
3048 1784
172 2301
1356 2066
574 2019
946 2475
688 1504
3127 1643
1324 594
1324 2165
574 353
3127 303
1607 1440
1865 555
410 1574
1755 1331
1601 3104
157 1765
172 1799
1874 1732
2335 3081
172 3127
3048 1342
157 1621
1356 152
3048 2782
1587 125
1322 228
1755 192
410 707
1324 332
2249 3032
946 2103
3127 2934
410 3062
2440 449
1324 2890
1755 2051
3048 603
3127 1759
1607 1553
2335 2858
1216 3161
1874 3191
157 2937
1601 2560
946 1820
